/*
 * plentyfunctions.h
 *
 *  Created on: Jul 13, 2010
 *      Author: ariel
 */

#ifndef PLENTYFUNCTIONS_H_
#define PLENTYFUNCTIONS_H_

#include <QString>
#include <QTextStream>
#include <QVector>
#include "math.h"
#include <stdio.h>

#define NSIZE 24
#define NPROC 3
#define hHH 0.05

//"T" matrix given Constant
//static double Weight_Matrix[24][24] =
//{{1,2.32227618321513,0,0,0,0,2.86020617029318,5.89738542403044,0,0,0,0,0,0,0,0,0,0,0,0,0,0,0,0},{2.32227618321513,1,-0.950814424212284,0,0,0,1.51583638859474,-0.934373845992108,0.950813412076256,0,0,0,0,0,0,0,0,0,0,0,0,0,0,0},{0,-0.950814424212284,1,0,0,0,0,7.95410858651011,-8.10279921920420,0,0,0,0,0,0,0,0,0,0,0,0,0,0,0},{0,0,0,1,-3.50955964692712e-07,0,0,0,0,4.36771443702953e-06,-1.51519052029591e-06,0,0,0,0,0,0,0,0,0,0,0,0,0},{0,0,0,-3.50955964692712e-07,1,-0.440500427669983,0,0,0,0.512187566390600,-8.42765936594905e-06,0.773933425793554,0,0,0,0,0,0,0,0,0,0,0,0},{0,0,0,0,-0.440500427669983,1,0,0,0,0,-0.528868854897022,0.969369284793078,0,0,0,0,0,0,0,0,0,0,0,0},{2.86020617029318,1.51583638859474,0,0,0,0,1,-3.80214945605043,0,0,0,0,0,0,0,0,0,0,0,0,0,0,0,0},{5.89738542403044,-0.934373845992108,7.95410858651011,0,0,0,-3.80214945605043,1,-7.95410859128630,0,0,0,0,0,0,0,0,0,0,0,0,0,0,0},{0,0.950813412076256,-8.10279921920420,0,0,0,0,-7.95410859128630,1,0,0,0,0,0,0,0,0,0,0,0,0,0,0,0},{0,0,0,4.36771443702953e-06,0.512187566390600,0,0,0,0,1,0.624421695675022,0,0,0,0,0.901906824759204,-0.940444315163172,0,0,0,0,0,0,0},{0,0,0,-1.51519052029591e-06,-8.42765936594905e-06,-0.528868854897022,0,0,0,0.624421695675022,1,0.793253811689017,0,0,0,1.09717801038607,0.846564027752628,-0.955532739178505,0,0,0,0,0,0},{0,0,0,0,0.773933425793554,0.969369284793078,0,0,0,0,0.793253811689017,1,0,0,0,0,-0.564867969941335,-0.628519401855816,0,0,0,0,0,0},{0,0,0,0,0,0,0,0,0,0,0,0,1,-1.90205454968145e-06,0,0,0,0,0.000155089398280156,-1.90205685829092e-06,0,0,0,0},{0,0,0,0,0,0,0,0,0,0,0,0,-1.90205454968145e-06,1,9.66796936751030e-07,0,0,0,-1.90205922845031e-06,8.18258976464203e-06,4.70605881215692e-07,0,0,0},{0,0,0,0,0,0,0,0,0,0,0,0,0,9.66796936751030e-07,1,0,0,0,0,1.01630740205581e-06,-4.91501959028764,0,0,0},{0,0,0,0,0,0,0,0,0,0.901906824759204,1.09717801038607,0,0,0,0,1,-1.57420225626792,0,0,0,0,-1.70036495541462,-0.413565462137472,0},{0,0,0,0,0,0,0,0,0,-0.940444315163172,0.846564027752628,-0.564867969941335,0,0,0,-1.57420225626792,1,6.22302431786859,0,0,0,-2.50347884130531,-0.665638220874945,6.83976598258398e-05},{0,0,0,0,0,0,0,0,0,0,-0.955532739178505,-0.628519401855816,0,0,0,0,6.22302431786859,1,0,0,0,0,0.577016418761439,6.81616095640409},{0,0,0,0,0,0,0,0,0,0,0,0,0.000155089398280156,-1.90205922845031e-06,0,0,0,0,1,-1.90206607838789e-06,0,0,0,0},{0,0,0,0,0,0,0,0,0,0,0,0,-1.90205685829092e-06,8.18258976464203e-06,1.01630740205581e-06,0,0,0,-1.90206607838789e-06,1,5.01886667231789e-07,0,0,0},{0,0,0,0,0,0,0,0,0,0,0,0,0,4.70605881215692e-07,-4.91501959028764,0,0,0,0,5.01886667231789e-07,1,0,0,0},{0,0,0,0,0,0,0,0,0,0,0,0,0,0,0,-1.70036495541462,-2.50347884130531,0,0,0,0,1,-1.40676259053451,0},{0,0,0,0,0,0,0,0,0,0,0,0,0,0,0,-0.413565462137472,-0.665638220874945,0.577016418761439,0,0,0,-1.40676259053451,1,1.40341514510450},{0,0,0,0,0,0,0,0,0,0,0,0,0,0,0,0,6.83976598258398e-05,6.81616095640409,0,0,0,0,1.40341514510450,1}};
//static double Bias_vector[24]={-5.35951223499428,6.67419479430005,12.6014897397837,55864087.2816464,0.845629343934251,-5.42654253417867e-08,-0.573995867584692,20.6122027941656,-12.6014887598921,-2.97896477094003,0.183897859570341,-1.79120532543756,-0.000151285093157643,55864087.4894788,4.91501760701997,1.08185990847326,6.26044961775027,-14.3982369873711,-0.000151285459773309,55864087.5355450,4.91497259952388,2.20983783443851,3.13512139758664,5.41267743097283};
/*
static double Weight_Matrix[24][24] ={{ 1.000000000000000,0.945861745151848,0,0,0,0,0.397958429727980,2.113591673636968,0,0,0,0,0,0,0,0,0,0,0,0,0,0,0,0 },
		                              {0.945861745151848,1.000000000000000 , -0.382239430113591,0,0,0,0.518938413702929 , -0.380883765115420,0.383370198679404,0,0,0,0,0,0,0,0,0,0,0,0,0,0,0 },
		                              {0 , -0.382239430113591,1.000000000000000,0.000003398100179,0,0,0,8.155853406016005,-8.155297306798078,0.264349516998056,0,0,0,0,0,0,0,0,0,0,0,0,0,0 },
		                              {0,0,0.000003398100179,1.000000000000000,0.000000088273243,0,0,0,-0.000003429869856 , -0.000000017308179,0.000000198874427,0,0,0,0,0,0,0,0,0,0,0,0,0 },
		                              {0,0,0,0.000000088273243,1.000000000000000 , -0.428851367504218,0,0,0,0.504457642877716  ,-0.000014992498945,0.772653744128076,0,0,0,0,0,0,0,0,0,0,0,0 },
		                              {0,0,0,0 , -0.428851367504218,1.000000000000000,0,0,0,0 , -0.488452385836157,0.917303755633567,0,0,0,0,0,0,0,0,0,0,0,0 },
		                              {0.397958429727980,0.518938413702929,0,0,0,0,1.000000000000000 , -1.010796644439472,0,0,0,0,0.461037124336858 , -0.000000157441860,0,0,0,0,0,0,0,0,0,0 },
		                              {2.113591673636968 , -0.380883765115420,8.155853406016005,0,0,0 , -1.010796644439472,1.000000000000000,-8.117914910058875,0,0,0,0.761195661649515,0.000003531939554 , -0.318020694561089,0,0,0,0,0,0,0,0,0 },
		                              {0,0.383370198679404 , -8.155297306798078 , -0.000003429869856,0,0,0 , -8.117914910058875,1.000000000000000 , -0.250178894649326,0,0,0 , -0.000003535724960,0.327230622112738 , -5.674786882175870,0,0,0,0,0,0,0,0 },
		                              {0,0,0.264349516998056 , -0.000000017308179,0.504457642877716,0,0,0,-0.250178894649326,1.000000000000000,0.616086431097590,0,0,0,0.486373713494980,0.967362818141621,-1.008801035612766,0,0,0,0,0,0,0 },
		                              {0,0,0,0.000000198874427 , -0.000014992498945 , -0.488452385836157,0,0,0,0.616086431097590,1.000000000000000,0.783487362974425,0,0,0,1.068628952526472,0.826062777249177 , -0.941136973827365,0,0,0,0,0,0 },
		                              {0,0,0,0,0.772653744128076,0.917303755633567,0,0,0,0,0.783487362974425,1.000000000000000,0,0,0,0,-0.567887604185325 , -0.619207795170721,0,0,0,0,0,0 },
		                              {0,0,0,0,0,0,0.461037124336858,0.761195661649515,0,0,0,0,1.000000000000000 , -0.000000289085321,0,0,0,0,0.000197260126541, -0.000000465716174,0,0,0,0 },
		                              {0,0,0,0,0,0 , -0.000000157441860,0.000003531939554,-0.000003535724960,0,0,0 , -0.000000289085321,1.000000000000000,0.000001825652333,0,0,0 , -0.000001294744118,0.000008394913883,0.000000872802482,0,0,0 },
		                              {0,0,0,0,0,0,0 , -0.318020694561089,0.327230622112738,0.486373713494980,0,0,0,0.000001825652333,1.000000000000000,0.801728295379565,0,0,0,0.000001332295441 , -0.701944929478619,  -0.700248005854305,0,0 },
		                              {0,0,0,0,0,0,0,0,-5.674786882175870,0.967362818141621,1.068628952526472,0,0,0,0.801728295379565,1.000000000000000,-4.433068769508997,0,0,0 , -1.382905017510723  ,-3.245223273001492,  -0.525929459552532,0 },
		                              {0,0,0,0,0,0,0,0,0 , -1.008801035612766,0.826062777249177  -0.567887604185325,0,0,0 , -4.433068769508997,1.000000000000000,6.478411541624378,0,0,0 , -8.032659282207760 , -0.754181522411538,0.000047539588415 },
		                              {0,0,0,0,0,0,0,0,0,0 , -0.941136973827365 , -0.619207795170721,0,0,0,0,6.478411541624378,1.000000000000000,0,0,0,0,0.677853467748241,2.592106979891055 },
		                              {0,0,0,0,0,0,0,0,0,0,0,0,0.000197260126541 , -0.000001294744118,0,0,0,0,1.000000000000000 , -0.000001277807859,0,0,0,0 },
		                              {0,0,0,0,0,0,0,0,0,0,0,0 , -0.000000465716174,0.000008394913883,0.000001332295441,0,0,0 , -0.000001277807859,1.000000000000000,0.000000846991049,0,0,0 },
		                              {0,0,0,0,0,0,0,0,0,0,0,0,0,0.000000872802482 , -0.701944929478619 , -1.382905017510723,0,0,0,0.000000846991049,1.000000000000000,8.638812466042726,0,0 },
		                              {0,0,0,0,0,0,0,0,0,0,0,0,0,0 , -0.700248005854305 , -3.245223273001492,-8.032659282207760,0,0,0,8.638812466042726,1.000000000000000 , -1.338594464156812,0 },
		                              {0,0,0,0,0,0,0,0,0,0,0,0,0,0,0 , -0.525929459552532,-0.754181522411538,0.677853467748241,0,0,0 , -1.338594464156812,1.000000000000000,1.326188003539566 },
		                              {0,0,0,0,0,0,0,0,0,0,0,0,0,0,0,0,0.000047539588415,2.592106979891055,0,0,0,0,1.326188003539566,1.000000000000000}};
//"b" vector given Constant


static double Bias_vector[24]={-2.66153593,2.61135286,12.49074759,55862920.66082443,0.84827493,-0.00000002,-0.36713717,15.85250263,-17.85889443,-4.09761004,0.21256529,-1.82593276,-0.30003075,55862918.15087442,3.33550078,-4.90768204,9.12661038,-10.63448270,-0.00019443,55862920.72359412,1.78704352,6.55138873,3.11438388,1.26587145};

*/
//static double Weight_Matrix[24][24] ={{1,0.945861745151848,0,0,0,0,0.397958429727980,2.11359167363697,0,0,0,0,0,0,0,0,0,0,0,0,0,0,0,0},{0.945861745151848,1,-0.382239430113591,0,0,0,0.518938413702929,-0.380883765115420,0.383370198679404,0,0,0,0,0,0,0,0,0,0,0,0,0,0,0},{0,-0.382239430113591,1,3.39810017946385e-06,0,0,0,8.15585340601601,-8.15529730679808,0.264349516998056,0,0,0,0,0,0,0,0,0,0,0,0,0,0},{0,0,3.39810017946385e-06,1,8.82732429460813e-08,0,0,0,-3.42986985643762e-06,-1.73081788128038e-08,1.98874426540505e-07,0,0,0,0,0,0,0,0,0,0,0,0,0},{0,0,0,8.82732429460813e-08,1,-0.428851367504218,0,0,0,0.504457642877716,-1.49924989452885e-05,0.772653744128076,0,0,0,0,0,0,0,0,0,0,0,0},{0,0,0,0,-0.428851367504218,1,0,0,0,0,-0.488452385836157,0.917303755633567,0,0,0,0,0,0,0,0,0,0,0,0},{0.397958429727980,0.518938413702929,0,0,0,0,1,-1.01079664443947,0,0,0,0,0.461037124336858,-1.57441860359839e-07,0,0,0,0,0,0,0,0,0,0},{2.11359167363697,-0.380883765115420,8.15585340601601,0,0,0,-1.01079664443947,1,-8.11791491005888,0,0,0,0.761195661649515,3.53193955428898e-06,-0.318020694561089,0,0,0,0,0,0,0,0,0},{0,0.383370198679404,-8.15529730679808,-3.42986985643762e-06,0,0,0,-8.11791491005888,1,-0.250178894649326,0,0,0,-3.53572495997127e-06,0.327230622112738,-5.67478688217587,0,0,0,0,0,0,0,0},{0,0,0.264349516998056,-1.73081788128038e-08,0.504457642877716,0,0,0,-0.250178894649326,1,0.616086431097590,0,0,0,0.486373713494981,0.967362818141621,-1.00880103561277,0,0,0,0,0,0,0},{0,0,0,1.98874426540505e-07,-1.49924989452885e-05,-0.488452385836157,0,0,0,0.616086431097590,1,0.783487362974425,0,0,0,1.06862895252647,0.826062777249177,-0.941136973827365,0,0,0,0,0,0},{0,0,0,0,0.772653744128076,0.917303755633567,0,0,0,0,0.783487362974425,1,0,0,0,0,-0.567887604185325,-0.619207795170721,0,0,0,0,0,0},{0,0,0,0,0,0,0.461037124336858,0.761195661649515,0,0,0,0,1,-2.89085321499902e-07,0,0,0,0,0.000197260126540535,-4.65716174479712e-07,0,0,0,0},{0,0,0,0,0,0,-1.57441860359839e-07,3.53193955428898e-06,-3.53572495997127e-06,0,0,0,-2.89085321499902e-07,1,1.82565233252185e-06,0,0,0,-1.29474411760060e-06,8.39491388261933e-06,8.72802481815434e-07,0,0,0},{0,0,0,0,0,0,0,-0.318020694561089,0.327230622112738,0.486373713494981,0,0,0,1.82565233252185e-06,1,0.801728295379565,0,0,0,1.33229544070629e-06,-0.701944929478619,-0.700248005854305,0,0},{0,0,0,0,0,0,0,0,-5.67478688217587,0.967362818141621,1.06862895252647,0,0,0,0.801728295379565,1,-4.43306876950900,0,0,0,-1.38290501751072,-3.24522327300149,-0.525929459552532,0},{0,0,0,0,0,0,0,0,0,-1.00880103561277,0.826062777249177,-0.567887604185325,0,0,0,-4.43306876950900,1,6.47841154162438,0,0,0,-8.03265928220776,-0.754181522411538,4.75395884146210e-05},{0,0,0,0,0,0,0,0,0,0,-0.941136973827365,-0.619207795170721,0,0,0,0,6.47841154162438,1,0,0,0,0,0.677853467748241,2.59210697989106},{0,0,0,0,0,0,0,0,0,0,0,0,0.000197260126540535,-1.29474411760060e-06,0,0,0,0,1,-1.27780785934549e-06,0,0,0,0},{0,0,0,0,0,0,0,0,0,0,0,0,-4.65716174479712e-07,8.39491388261933e-06,1.33229544070629e-06,0,0,0,-1.27780785934549e-06,1,8.46991049458715e-07,0,0,0},{0,0,0,0,0,0,0,0,0,0,0,0,0,8.72802481815434e-07,-0.701944929478619,-1.38290501751072,0,0,0,8.46991049458715e-07,1,8.63881246604273,0,0},{0,0,0,0,0,0,0,0,0,0,0,0,0,0,-0.700248005854305,-3.24522327300149,-8.03265928220776,0,0,0,8.63881246604273,1,-1.33859446415681,0},{0,0,0,0,0,0,0,0,0,0,0,0,0,0,0,-0.525929459552532,-0.754181522411538,0.677853467748241,0,0,0,-1.33859446415681,1,1.32618800353957},{0,0,0,0,0,0,0,0,0,0,0,0,0,0,0,0,4.75395884146210e-05,2.59210697989106,0,0,0,0,1.32618800353957,1}};
//static double Bias_vector[24]={-2.66153592797100,2.61135285872833,12.4907475936490,55862920.6608244,0.848274929737185,-1.70112797296249e-08,-0.367137170381748,15.8525026313957,-17.8588944346465,-4.09761004303627,0.212565294262313,-1.82593275580298,-0.300030753904124,55862918.1508744,3.33550077591627,-4.90768204275360,9.12661038053015,-10.6344826978711,-0.000194432280294534,55862920.7235941,1.78704351591070,6.55138872582315,3.11438387933935,1.26587144599592};

static double Weight_Matrix[24][24] ={{1,0.863715318121768,0,0,0,0,3.81960349452760,6.20395995473217,0,0,0,0,0,0,0,0,0,0,0,0,0,0,0,0},{0.863715318121768,1,-0.335570159705825,0,0,0,0.565502994600144,-0.329025302027574,0.335583313209359,0,0,0,0,0,0,0,0,0,0,0,0,0,0,0},{0,-0.335570159705825,1,0,0,0,0,7.93550068676657,-8.12978509366960,0,0,0,0,0,0,0,0,0,0,0,0,0,0,0},{0,0,0,1,-1.63576611534981e-05,0,0,0,-3.30543803478474e-06,5.46434434312520e-06,1.86852679238615e-05,0,0,0,0,0,0,0,0,0,0,0,0,0},{0,0,0,-1.63576611534981e-05,1,-0.428976424011940,0,0,0,0.522463884398719,-4.01129024177817e-06,0.774033188305049,0,0,0,0,0,0,0,0,0,0,0,0},{0,0,0,0,-0.428976424011940,1,0,0,0,0,-0.552938779724847,0.981915203266021,0,0,0,0,0,0,0,0,0,0,0,0},{3.81960349452760,0.565502994600144,0,0,0,0,1,-5.34322170879424,0,0,0,0,0,0,0,0,0,0,0,0,0,0,0,0},{6.20395995473217,-0.329025302027574,7.93550068676657,0,0,0,-5.34322170879424,1,-7.95849204268960,0,0,0,0,3.43945879869459e-06,0,0,0,0,0,0,0,0,0,0},{0,0.335583313209359,-8.12978509366960,-3.30543803478474e-06,0,0,0,-7.95849204268960,1,0,0,0,0,0,0,0,0,0,0,0,0,0,0,0},{0,0,0,5.46434434312520e-06,0.522463884398719,0,0,0,0,1,0.909253592802159,0,0,0,0,2.24489218399192,-2.27350839067493,0,0,0,0,0,0,0},{0,0,0,1.86852679238615e-05,-4.01129024177817e-06,-0.552938779724847,0,0,0,0.909253592802159,1,0.852904461514141,0,0,0,1.41590409538710,1.09247437083670,-1.24069190512980,0,0,0,0,0,0},{0,0,0,0,0.774033188305049,0.981915203266021,0,0,0,0,0.852904461514141,1,0,0,0,0,-0.599852170832371,-0.608398577536705,0,0,0,0,0,0},{0,0,0,0,0,0,0,0,0,0,0,0,1,-1.53763024263353e-06,0,0,0,0,6.43553618151790e-05,-1.53091469021917e-06,0,0,0,0},{0,0,0,0,0,0,0,3.43945879869459e-06,0,0,0,0,-1.53763024263353e-06,1,4.24608650188546e-05,0,0,0,-1.53766776767332e-06,8.23027744486258e-06,8.51371995100213e-07,0,0,0},{0,0,0,0,0,0,0,0,0,0,0,0,0,4.24608650188546e-05,1,0.806633482580531,0,0,0,5.55583806126044e-05,-0.713931045116226,-0.706211395840000,0,0},{0,0,0,0,0,0,0,0,0,2.24489218399192,1.41590409538710,0,0,0,0.806633482580531,1,-4.10868678182404,0,0,0,0,-4.20255292234256,-0.476368974694498,0},{0,0,0,0,0,0,0,0,0,-2.27350839067493,1.09247437083670,-0.599852170832371,0,0,0,-4.10868678182404,1,6.06512523295138,0,0,0,-7.99487866807294,-0.699500152154583,3.26021777382997e-05},{0,0,0,0,0,0,0,0,0,0,-1.24069190512980,-0.608398577536705,0,0,0,0,6.06512523295138,1,0,0,0,0,0.517166132665438,6.86510756658436},{0,0,0,0,0,0,0,0,0,0,0,0,6.43553618151790e-05,-1.53766776767332e-06,0,0,0,0,1,-1.53095078682341e-06,0,0,0,0},{0,0,0,0,0,0,0,0,0,0,0,0,-1.53091469021917e-06,8.23027744486258e-06,5.55583806126044e-05,0,0,0,-1.53095078682341e-06,1,8.40382068032035e-07,0,0,0},{0,0,0,0,0,0,0,0,0,0,0,0,0,8.51371995100213e-07,-0.713931045116226,0,0,0,0,8.40382068032035e-07,1,8.61166606854051,0,0},{0,0,0,0,0,0,0,0,0,0,0,0,0,0,-0.706211395840000,-4.20255292234256,-7.99487866807294,0,0,0,8.61166606854051,1,-1.28308331997931,0},{0,0,0,0,0,0,0,0,0,0,0,0,0,0,0,-0.476368974694498,-0.699500152154583,0.517166132665438,0,0,0,-1.28308331997931,1,1.29222555421671},{0,0,0,0,0,0,0,0,0,0,0,0,0,0,0,0,3.26021777382997e-05,6.86510756658436,0,0,0,0,1.29222555421671,1}};
static double Bias_vector[24]={-3.24809877831949,2.42941114092437,12.0096579804324,55864218.0964198,0.867541017837571,-1.95824949333566e-08,0.958046527002211,21.4621860609914,-12.0263890442039,-5.95012351725513,0.291944702951589,-1.85327319509482,-6.12867955314457e-05,55864215.0386662,2.22666695766432,1.77921474645920,7.63410249582831,-14.3293495117000,-6.12867547382271e-05,55864218.0795574,2.00892906739053,5.92224481782050,2.86934382970242,5.57284941167606};

//static double Weight_Matrix[24][24] ={{1,0.844880376451738,0,0,0,0,3.43941819732858,5.88522625398751,0,0,0,0,0,0,0,0,0,0,0,0,0,0,0,0},{0.844880376451738,1,-0.323544129459794,0,0,0,0.568089011391044,-0.318069127486670,0.323566526999617,0,0,0,0,0,0,0,0,0,0,0,0,0,0,0},{0,-0.323544129459794,1,3.33129118900247e-06,0,0,0,7.96826833206107,-8.16991940064767,0,0,0,0,0,0,0,0,0,0,0,0,0,0,0},{0,0,3.33129118900247e-06,1,4.06678435263017e-06,0,0,0,0,-3.29702164626178e-06,1.80252345069579e-06,0,0,0,0,0,0,0,0,0,0,0,0,0},{0,0,0,4.06678435263017e-06,1,-0.567703955745472,0,0,0,0.563504113526650,-8.61903338928663e-06,0.892188815564610,0,0,0,0,0,0,0,0,0,0,0,0},{0,0,0,0,-0.567703955745472,1,0,0,0,0,-0.989083589590392,1.55678755422604,0,0,0,0,0,0,0,0,0,0,0,0},{3.43941819732858,0.568089011391044,0,0,0,0,1,-4.71287795618095,0,0,0,0,0,0,0,0,0,0,0,0,0,0,0,0},{5.88522625398751,-0.318069127486670,7.96826833206107,0,0,0,-4.71287795618095,1,-7.98528450829758,0,0,0,0,3.49651590818351e-06,0,0,0,0,0,0,0,0,0,0},{0,0.323566526999617,-8.16991940064767,0,0,0,0,-7.98528450829758,1,-0.363353417179833,0,0,0,-3.48578050231205e-06,0,0,0,0,0,0,0,0,0,0},{0,0,0,-3.29702164626178e-06,0.563504113526650,0,0,0,-0.363353417179833,1,1.03024959905417,0,0,0,0,1.27954950167253,-1.32982073343574,0,0,0,0,0,0,0},{0,0,0,1.80252345069579e-06,-8.61903338928663e-06,-0.989083589590392,0,0,0,1.03024959905417,1,1.37695996892705,0,0,0,2.17549065405700,1.67590419663817,-1.90264438939111,0,0,0,0,0,0},{0,0,0,0,0.892188815564610,1.55678755422604,0,0,0,0,1.37695996892705,1,0,0,0,0,-0.979808306033542,-0.997406114432687,0,0,0,0,0,0},{0,0,0,0,0,0,0,0,0,0,0,0,1,-1.23389421725378e-06,0,0,0,0,0.000132941867677913,-1.22906039137992e-06,0,0,0,0},{0,0,0,0,0,0,0,3.49651590818351e-06,-3.48578050231205e-06,0,0,0,-1.23389421725378e-06,1,5.61231067197324e-07,0,0,0,-1.23388286032727e-06,8.37024993463874e-06,8.68831422484715e-07,0,0,0},{0,0,0,0,0,0,0,0,0,0,0,0,0,5.61231067197324e-07,1,0,0,0,0,5.49370522095591e-07,-6.14891123193685,0,0,0},{0,0,0,0,0,0,0,0,0,1.27954950167253,2.17549065405700,0,0,0,0,1,-4.65925489794527,0,0,0,-0.956688700083355,-3.97861033018477,-0.583631852462213,0},{0,0,0,0,0,0,0,0,0,-1.32982073343574,1.67590419663817,-0.979808306033542,0,0,0,-4.65925489794527,1,6.04802574248541,0,0,0,-8.05951851803759,-0.850275366757376,7.07842433098509e-05},{0,0,0,0,0,0,0,0,0,0,-1.90264438939111,-0.997406114432687,0,0,0,0,6.04802574248541,1,0,0,0,0,0.657420811844739,6.61468037936546},{0,0,0,0,0,0,0,0,0,0,0,0,0.000132941867677913,-1.23388286032727e-06,0,0,0,0,1,-1.22905555395244e-06,0,0,0,0},{0,0,0,0,0,0,0,0,0,0,0,0,-1.22906039137992e-06,8.37024993463874e-06,5.49370522095591e-07,0,0,0,-1.22905555395244e-06,1,8.49394634874690e-07,0,0,0},{0,0,0,0,0,0,0,0,0,0,0,0,0,8.68831422484715e-07,-6.14891123193685,-0.956688700083355,0,0,0,8.49394634874690e-07,1,8.54827779516089,0,0},{0,0,0,0,0,0,0,0,0,0,0,0,0,0,0,-3.97861033018477,-8.05951851803759,0,0,0,8.54827779516089,1,-1.56806396318704,0},{0,0,0,0,0,0,0,0,0,0,0,0,0,0,0,-0.583631852462213,-0.850275366757376,0.657420811844739,0,0,0,-1.56806396318704,1,1.58015622757398},{0,0,0,0,0,0,0,0,0,0,0,0,0,0,0,0,7.07842433098509e-05,6.61468037936546,0,0,0,0,1.58015622757398,1}};
//static double Bias_vector[24]={-3.29074674803361,2.37817996243163,12.0512335764059,55863407.7784526,0.887993526266330,-3.83728192195649e-08,0.705234090787171,20.7186321734707,-12.4161335129706,-4.56647407026304,0.0150932396491053,-2.68957565263446,-0.000130478922802642,55863404.5074525,6.14891012349494,1.53119960382607,7.83006029073194,-14.8501366228058,-0.000130478905019361,55863407.4588534,6.11805343918905,6.01708227098587,3.53899749016480,5.03445336694167};

struct ParamsVSmallOtherProc
{
	double Sine;
	double Cosine;
	int p;
	int q;
	bool libre;
};

struct LLegadaColumnasIndOtherProc
{
	double Columna[NSIZE];
	int NColumn;
	bool newColumn;
};

void imprimirMensaje(QString st);
void reShape(double * apuntadorVector,double MatrizR[][NSIZE],int *Ind,int NElems);
void clearMatrix(double Mat[][2],int n);
void devolverResultado_VSmallT(double Al[][2],double InPut[][2],int p,int q);
void hacerCasting_RelatedParts(double Al[][2],double OutPut[][2],int p,int q);
void multiplicarMatrices(double Al[][2],double Vlocal[][2],double Resultado[][2],int n);
void valSineCosine(double MatrizA[][NSIZE],int p, int q,double *c,double *s);
void SelCols(double MatrizA[][NSIZE],int p,int q,double SelCols[][2]);
void imprimirMatriz(double Mat[][NSIZE]);
void OrdenarVector(int *Input,int *Output,int N);
void parallelOrdering(int *top,int *bot,int *newtop,int *newbot,int Nsize);
void printOrdering(int *a,int *b,int size);
void DevCols(double SelCols[][2],int p,int q,double MatrizA[][NSIZE]);
void imprimirDiagonal(double Mat[][NSIZE]);
void clearColumn(double Mat[][NSIZE],int index);
double estimator_JacMethod(double Mat[][NSIZE],int *indColumns,int sizeC);
double Cadena2double(char *Cad,int Tamano);
void ArrangeOutput(int l, int m, int n,  double *d1, double *d2,double *d3,int *Rob1NodeNumber, int *Rob2NodeNumber,int *Rob3NodeNumber, double (&d)[24]);

#endif /* PLENTYFUNCTIONS_H_ */
